0
163
175
47
181
160
170
186
2
110
194
154
194
4
171
179
190
170
195
195
194
195
160
194
187
194
62
35
194
25
139
160
195
104
195
142
153
164
194
171
153
42
188
178
139
105
103
162
195
95
35
160
179
194
89
170
69
195
194
166
62
147
98
195
111
195
113
195
50
72
82
69
15
194
95
151
33
10
155
147
141
195
116
94
59
44
40
194
112
186
53
195
194
159
136
195
169
20
194
134
3
194
195
146
133
194
11
195
195
59
195
150
195
195
146
158
66
191
195
195
195
194
156
195
170
150
195
147
51
127
194
194
184
194
156
195
175
58
195
56
194
187
83
180
191
29
194
93
167
125
107
37
51
57
39
28
94
159
70
195
44
89
176
149
194
195
184
61
142
179
27
117
114
99
194
194
136
37
78
33
194
21
53
190
194
9
167
194
6
35
195
59
154
98
41
170
158
176
49
140
181
163
195
148
17
164
135
194
195
95
60
58
194
24
130
195
9
7
160
194
194
173
84
194
194
195
110
90
154
195
21
195
75
195
165
76
194
160
195
156
195
195
194
194
114
140
130
141
170
194
195
24
194
44
72
195
139
78
194
34
195
180
167
48
172
171
195
22
194
194
153
142
195
73
77
141
22
195
160
33
194
169
194
155
195
195
79
113
195
25
167
195
177
142
195
194
195
80
189
104
143
195
194
194
195
141
127
129
159
100
136
176
1
7
115
159
10
26
194
163
40
194
195
195
194
18
195
138
10
195
194
195
145
41
126
194
28
185
103
17
1
188
145
148
195
195
18
180
166
151
166
146
67
188
121
194
137
194
54
195
9
120
71
116
144
194
147
21
128
11
194
146
194
194
136
194
78
139
156
130
130
145
194
96
194
94
194
41
22
40
86
194
85
195
58
61
151
182
91
14
195
47
195
185
194
74
194
189
137
194
175
48
76
191
7
126
155
142
57
2
89
195
195
87
166
194
194
195
115
180
178
47
129
78
7
142
194
78
156
135
167
98
194
185
194
123
194
169
195
35
195
118
101
29
28
48
195
141
9
194
174
195
194
69
82
195
181
194
195
51
15
99
129
195
31
135
62
195
49
57
96
179
151
176
194
28
133
194
195
138
190
141
187
75
195
189
33
130
21
184
184
194
194
167
169
14
32
145
86
195
130
194
73
195
156
191
9
110
183
26
168
195
186
194
195
153
195
103
154
53
195
96
185
19
50
158
110
78
195
38
195
185
128
173
78
181
53
195
157
97
174
181
195
195
18
139
194
170
194
174
110
29
195
194
195
164
136
194
194
139
154
31
142
194
110
194
175
194
153
138
194
194
172
47
156
181
195
95
51
70
58
133
135
190
185
166
174
194
194
195
151
174
195
40
145
156
195
149
195
98
2
28
195
195
183
91
62
186
25
69
82
1
136
194
194
172
194
37
112
105
158
178
195
162
47
173
195
13
145
81
172
195
160
178
152
182
131
124
52
195
55
194
194
187
194
44
194
124
113
194
194
194
195
195
122
7
195
195
195
20
194
68
149
194
195
96
79
47
194
67
195
156
195
148
101
164
171
195
162
194
194
195
195
105
195
195
48
59
137
70
105
177
61
194
152
70
195
128
194
116
93
194
53
26
32
195
149
194
184
129
44
194
170
128
143
195
134
125
182
195
119
13
194
195
158
58
141
186
19
132
131
195
32
194
195
194
195
194
195
173
13
172
158
194
158
144
34
152
194
85
10
83
172
153
65
194
57
16
131
153
194
154
167
194
65
58
194
98
77
195
194
195
165
163
29
195
169
79
195
195
195
141
132
194
68
166
84
195
40
176
66
195
138
5
38
194
171
28
76
53
194
194
143
34
187
195
194
169
129
194
194
126
195
112
194
10
195
113
195
89
137
194
128
172
18
195
194
170
88
44
37
166
195
194
138
119
0
180
183
153
153
189
195
195
157
124
194
165
147
51
194
147
195
194
138
4
195
174
93
141
162
150
168
194
14
178
164
139
195
157
194
155
60
195
147
98
181
109
194
195
195
195
195
165
155
195
195
140
33
131
148
59
191
155
128
115
157
194
76
158
194
195
188
50
92
194
194
183
166
86
194
90
36
182
70
195
138
194
131
56
146
157
194
136
18
182
137
195
134
86
195
195
194
21
131
146
15
194
10
194
106
1
38
139
188
194
195
159
185
195
155
194
17
195
195
194
190
85
168
194
195
195
195
176
191
96
195
67
195
194
157
17
148
162
72
194
187
194
122
102
61
70
170
108
128
45
61
185
194
194
194
194
167
195
167
170
150
76
75
131
94
195
3
64
195
113
70
157
184
195
52
195
195
105
9
195
72
142
188
195
195
195
170
88
171
70
195
195
128
195
194
144
90
183
59
66
89
98
43
195
100
17
194
195
195
9
146
140
82
163
194
164
195
194
195
132
76
9
84
129
194
159
176
194
194
194
32
42
105
25
194
194
44
60
195
195
133
123
148
102
93
130
195
18
190
86
194
83
195
170
86
195
194
47
155
194
67
117
194
194
13
134
195
79
87
85
195
195
165
6
13
44
195
195
158
194
100
195
37
194
53
195
195
119
194
195
41
135
195
195
168
67
24
147
127
195
3
14
41
128
153
195
5
145
165
128
194
14
194
195
194
60
195
19
191
195
130
194
161
56
52
195
194
195
150
58
123
26
184
195
86
101
119
152
195
64
167
55
64
25
141
194
195
194
195
195
82
143
25
194
189
194
154
34
183
194
45
194
55
195
81
171
45
186
194
153
195
1
194
172
39
135
73
183
52
194
139
195
6
35
100
183
195
194
175
194
153
144
180
116
194
145
162
195
130
167
94
31
194
182
10
158
181
73
79
195
174
194
180
79
31
149
143
131
194
40
194
113
74
29
195
195
177
118
58
144
53
11
194
31
194
88
118
195
194
195
167
39
83
194
194
195
128
194
79
195
195
194
158
195
195
35
195
195
195
195
194
31
195
1
137
194
195
195
42
194
108
187
195
194
129
105
162
25
14
195
195
32
105
195
59
15
164
195
139
195
195
98
182
147
189
194
195
131
195
181
181
194
195
195
194
194
195
98
168
159
170
159
44
195
99
195
194
194
139
139
194
194
55
171
73
158
194
194
49
173
195
16
170
115
148
21
195
152
195
194
134
122
195
15
71
195
194
52
195
195
195
125
87
99
195
194
195
21
190
115
194
166
194
153
20
195
146
26
168
194
165
70
194
136
3
60
148
128
195
194
164
195
194
183
194
195
194
55
140
61
113
145
191
15
195
147
194
147
58
10
73
115
23
157
195
161
134
190
170
171
171
194
177
194
195
13
97
178
176
194
187
194
194
88
189
20
194
195
152
13
46
194
194
189
194
12
13
86
195
194
165
175
195
156
195
114
194
25
160
156
109
70
184
88
92
138
194
4
169
20
136
194
194
194
150
195
2
82
43
133
155
194
171
169
194
195
164
195
65
79
195
163
195
68
63
191
195
195
130
194
167
195
195
194
158
66
195
194
104
182
97
91
31
195
195
147
194
4
194
194
174
187
131
195
66
190
80
194
190
195
142
195
194
164
195
8
97
96
194
96
104
194
38
24
136
41
155
23
102
194
1
4
194
182
142
29
179
72
24
48
156
194
139
182
191
138
53
16
147
116
17
21
194
194
34
33
75
161
142
158
195
195
195
104
195
181
16
194
142
85
54
86
166
16
175
99
151
116
179
162
148
8
178
114
109
152
158
110
156
169
194
120
194
188
148
149
195
195
136
194
44
164
130
186
163
108
194
140
68
119
151
16
194
43
122
46
162
191
99
169
195
92
195
155
117
180
194
175
166
195
129
134
194
195
194
194
195
81
136
194
195
127
194
194
195
19
143
117
195
152
188
99
194
30
142
64
94
194
195
164
140
155
178
195
65
26
194
130
194
128
6
115
38
188
103
195
169
186
69
195
117
186
2
195
195
195
29
59
164
195
181
194
167
186
195
195
194
165
139
194
156
108
16
159
172
164
11
195
194
194
194
132
12
23
195
182
194
195
195
136
194
188
194
194
195
155
117
195
14
195
194
130
11
154
20
182
63
37
116
68
194
84
174
95
195
195
194
194
195
168
151
194
194
189
133
195
195
195
129
160
128
194
194
84
169
194
173
32
155
195
194
20
167
195
144
195
106
173
194
182
14
29
166
69
0
194
68
74
185
135
89
195
159
195
20
182
194
194
194
177
38
194
112
195
195
167
195
174
194
7
24
162
145
84
195
167
194
163
195
139
194
53
195
155
43
34
194
137
176
57
8
149
46
45
75
86
28
194
45
1
92
195
172
167
71
18
194
169
187
142
135
152
194
38
144
194
25
145
164
195
195
194
182
32
64
195
194
195
194
176
144
148
103
104
194
79
194
166
182
167
153
170
169
194
81
120
138
194
185
194
79
195
97
194
140
194
188
147
194
195
157
156
195
195
194
195
195
128
195
132
195
58
154
194
194
195
152
151
187
194
195
195
38
112
194
155
144
195
1
100
184
149
122
145
195
42
195
131
159
26
195
7
174
194
195
194
194
194
148
134
195
195
50
195
195
55
194
195
157
176
9
145
141
195
68
178
190
195
123
194
195
194
89
137
195
195
167
195
186
160
35
80
194
90
191
141
194
101
195
194
178
57
195
194
87
191
177
78
164
80
195
78
194
194
34
96
7
186
191
194
86
94
171
136
195
21
195
187
194
116
195
162
58
138
157
50
195
162
9
194
194
195
72
136
194
80
194
195
194
195
194
167
167
195
194
195
147
194
148
103
190
181
161
67
195
194
194
194
75
52
194
160
139
194
84
83
155
167
194
157
12
152
20
194
162
194
141
194
75
120
142
21
137
160
190
60
98
195
182
167
190
142
194
194
164
9
181
194
67
37
133
48
185
23
55
75
100
175
194
161
171
59
48
194
194
179
195
131
41
195
140
195
96
176
195
195
144
194
177
72
195
185
194
32
168
195
11
195
194
172
173
195
65
195
164
137
81
195
187
182
194
194
56
78
129
32
128
194
119
34
52
39
152
194
156
147
195
172
182
136
178
187
133
155
185
194
157
141
118
176
159
194
37
144
96
127
161
6
195
74
117
150
146
156
74
194
117
148
15
73
195
194
25
157
194
194
195
159
8
195
117
188
6
195
194
195
176
137
195
195
194
190
133
48
195
118
173
6
50
57
195
194
180
195
194
139
66
194
24
195
88
195
178
155
120
181
194
127
195
194
175
195
145
185
157
159
156
14
194
137
148
158
194
194
27
195
194
78
188
61
111
117
195
194
177
195
96
31
195
94
132
195
195
123
108
194
131
162
4
162
102
36
194
194
102
195
194
182
194
160
194
194
194
184
156
78
195
3
70
195
195
195
71
194
87
114
124
11
194
195
81
103
152
132
14
156
156
183
86
155
12
139
194
97
145
194
164
14
195
154
97
58
194
195
56
194
194
194
98
168
194
194
142
194
132
96
195
110
195
194
76
194
91
194
195
194
156
81
194
171
146
151
133
172
101
164
195
76
195
195
195
195
194
195
142
7
142
194
163
54
144
43
194
38
146
164
20
97
127
21
163
195
194
195
133
180
43
109
172
194
167
194
143
195
194
195
149
195
195
140
194
129
194
194
33
189
194
26
92
168
146
101
91
134
163
146
194
195
151
137
194
175
131
195
194
177
113
153
145
62
157
194
23
36
194
53
159
28
182
164
160
11
194
168
135
95
195
40
44
144
195
194
1
194
169
131
129
178
187
87
149
194
142
6
120
163
195
24
148
148
149
195
119
194
158
194
133
187
160
195
152
194
195
51
153
147
136
107
165
114
170
194
195
195
19
135
195
195
96
178
83
59
17
195
142
195
194
132
2
139
24
161
49
194
190
188
142
195
40
164
27
195
195
194
115
168
195
195
194
180
186
181
194
144
89
195
178
176
65
134
104
63
173
170
175
175
88
194
150
139
55
190
43
194
136
54
45
147
135
194
47
194
140
195
195
65
194
137
195
166
171
19
23
78
30
194
60
194
150
163
194
194
149
169
195
13
128
74
20
174
179
179
194
118
121
160
195
146
167
170
51
195
194
153
70
116
151
194
14
195
45
195
155
194
191
7
195
115
195
165
160
195
52
140
98
195
195
84
145
176
194
195
182
147
181
166
195
32
156
194
87
191
127
145
110
194
194
146
183
168
194
194
195
194
79
45
194
151
195
126
194
43
195
79
13
44
102
173
195
164
24
184
89
147
30
194
130
194
154
194
16
81
195
191
156
194
107
179
168
153
194
190
185
144
166
100
60
47
194
138
195
98
126
191
150
156
194
195
93
106
195
195
195
122
168
154
195
138
168
162
195
2
148
106
67
135
139
195
11
25
43
177
195
195
60
142
194
151
195
40
194
16
37
195
140
65
40
195
140
195
46
194
18
128
156
194
195
48
195
194
195
195
136
3
135
194
96
166
105
195
170
195
195
194
195
194
194
194
195
88
118
195
194
78
151
186
136
194
70
178
195
124
191
3
11
149
138
58
195
54
195
190
194
60
163
85
195
144
190
195
176
82
195
62
158
132
57
194
195
30
70
16
83
178
76
92
195
40
194
155
195
42
195
156
139
90
102
195
43
11
179
20
120
177
195
177
195
195
195
195
90
12
194
53
195
194
136
89
69
107
181
172
52
194
194
171
115
194
46
154
195
114
134
115
194
16
195
194
177
59
130
55
68
135
194
140
171
194
63
3
12
195
60
189
195
122
174
4
168
61
17
144
194
119
195
5
186
150
71
140
194
50
194
194
29
117
195
128
195
156
86
112
195
129
195
194
146
38
195
195
111
90
194
181
86
130
194
149
194
166
155
195
3
194
151
177
195
131
194
194
195
136
194
130
189
195
161
194
180
173
110
117
195
42
72
130
195
138
8
195
55
63
176
16
195
179
73
57
194
149
128
70
110
194
9
98
194
194
35
40
195
124
65
194
194
152
145
177
188
149
97
77
176
194
195
53
64
34
75
185
63
8
61
123
158
103
177
194
195
194
110
164
195
159
194
68
195
147
195
195
12
161
129
4
90
54
195
134
52
195
169
195
110
2
86
194
194
188
191
148
170
20
164
50
106
187
195
194
111
195
182
195
114
195
144
195
84
132
166
144
97
147
165
194
194
194
49
38
178
45
195
166
13
195
6
60
195
11
194
181
56
112
195
194
194
61
58
152
35
194
65
132
100
53
131
61
181
195
195
185
83
195
194
194
174
174
64
140
155
191
195
195
189
195
195
76
189
194
195
143
109
194
194
63
126
195
36
195
194
195
195
18
74
154
176
142
189
144
0
140
30
46
178
47
148
108
171
187
151
150
151
68
195
158
195
107
188
140
195
6
8
60
194
78
161
181
25
31
194
194
133
195
114
194
195
195
146
20
194
152
82
138
56
99
42
160
162
194
46
194
165
195
194
133
180
171
139
195
58
156
117
194
194
161
81
194
146
161
62
117
191
195
45
71
195
195
30
194
140
195
136
3
195
153
92
176
194
180
108
172
186
167
109
15
195
195
140
95
75
14
185
194
33
194
2
29
52
195
195
194
194
195
81
194
191
195
130
133
194
194
194
172
135
141
195
195
195
3
54
45
195
195
109
72
195
80
195
164
195
189
129
194
194
39
22
195
194
23
194
150
191
153
20
195
148
195
65
140
183
68
40
26
184
133
149
170
142
99
147
194
164
195
195
58
194
129
195
194
195
132
165
134
195
195
95
87
195
179
194
19
148
181
107
195
194
17
167
170
194
135
186
182
194
190
60
94
183
178
94
31
157
137
195
194
16
177
9
110
195
194
194
194
195
195
169
182
129
194
195
195
186
121
33
194
23
162
194
194
195
133
59
19
100
195
143
195
194
195
131
122
195
140
188
195
195
5
194
171
55
195
167
112
194
191
119
194
156
139
35
168
194
181
194
195
189
119
178
14
51
194
172
130
140
132
26
59
144
30
195
152
49
143
194
194
115
187
59
25
194
195
128
194
128
121
78
195
13
146
128
195
77
35
130
195
130
37
161
195
88
137
194
110
194
178
157
129
168
182
170
32
194
195
23
174
2
115
40
194
194
182
133
41
187
194
151
195
84
195
64
114
194
195
16
195
49
95
194
194
181
170
194
103
167
148
78
194
99
194
195
194
173
194
49
122
142
195
109
42
195
49
69
114
178
195
195
63
174
160
195
135
141
195
151
161
91
194
73
98
195
25
106
154
150
185
58
194
94
194
61
55
194
4
194
163
1
194
115
194
195
85
157
154
194
158
157
145
163
153
138
50
135
103
27
65
45
195
134
172
195
10
194
118
195
62
76
51
71
84
184
126
133
168
22
176
195
144
187
188
15
157
113
145
148
22
195
195
161
194
194
194
140
194
134
194
194
152
195
127
24
195
195
66
67
171
194
43
105
0
146
194
195
195
117
112
31
195
134
126
166
166
194
142
187
195
194
194
153
195
195
121
142
195
186
195
157
100
160
195
155
195
195
31
44
149
195
42
174
83
115
19
156
194
194
194
173
187
52
16
183
44
194
93
45
135
195
56
195
106
140
152
179
195
195
195
133
161
195
156
140
195
194
195
195
60
161
172
195
194
130
181
116
34
195
162
194
60
51
142
140
195
195
34
158
195
158
194
138
17
173
160
185
195
195
194
195
157
194
129
186
195
140
194
194
111
177
105
194
72
21
194
194
146
2
195
195
1
132
194
159
194
168
195
30
194
194
195
194
11
194
36
47
79
135
149
66
194
155
195
97
142
67
25
168
0
140
194
164
60
80
159
144
118
13
149
194
112
194
130
195
127
33
174
2
91
157
155
142
194
70
194
82
158
153
195
183
194
54
77
134
157
195
144
157
100
174
170
158
195
194
5
145
8
195
176
148
92
77
134
195
179
57
154
194
135
195
186
26
194
164
159
51
132
17
195
195
150
42
195
195
180
194
181
3
156
137
152
194
194
181
195
83
185
45
182
195
194
195
153
170
169
165
102
175
16
26
195
179
195
194
194
194
113
53
179
194
100
9
184
194
158
140
81
139
160
1
157
158
194
79
194
118
16
195
144
24
132
194
112
49
135
150
194
195
123
139
178
169
135
163
44
194
195
195
165
148
43
194
99
60
131
59
191
139
194
26
117
194
157
191
90
102
195
194
194
123
194
136
136
90
99
157
195
171
102
68
195
130
194
87
125
32
61
173
195
194
194
195
42
142
179
35
144
195
194
165
194
34
77
144
159
195
154
194
31
195
155
195
172
195
194
178
45
194
86
194
129
2
85
195
31
166
111
195
175
138
170
181
195
194
137
121
195
194
151
189
178
178
194
195
181
176
145
48
83
195
195
194
168
194
195
195
133
159
194
100
174
132
13
195
194
85
74
172
183
195
100
194
107
154
128
117
195
13
151
162
195
97
195
7
169
194
157
194
194
161
171
195
195
194
195
172
195
194
140
194
185
9
66
195
195
159
151
194
174
29
121
88
195
87
42
113
137
191
195
152
133
194
194
88
51
186
133
195
194
195
119
195
13
195
180
147
26
65
19
195
112
195
149
2
61
195
37
46
194
194
104
102
2
194
195
195
84
4
64
130
167
48
115
195
132
12
139
157
83
144
195
37
52
194
181
194
194
194
195
172
116
53
157
194
108
51
194
194
194
195
194
18
194
136
195
194
175
194
140
111
154
93
146
195
195
195
35
128
194
156
195
87
194
128
84
58
1
152
195
195
115
143
71
147
81
137
145
183
69
70
195
80
195
162
181
168
194
45
71
83
167
107
51
195
194
156
27
117
13
195
194
105
90
52
131
9
195
195
194
195
53
79
183
187
78
73
169
195
185
130
195
170
188
181
67
118
151
137
91
186
194
195
106
178
182
68
195
195
5
118
190
106
134
7
7
127
168
194
185
162
178
157
64
81
176
194
139
161
194
150
190
17
119
27
195
158
84
136
182
32
154
97
194
41
168
0
29
139
96
81
54
195
131
166
172
195
194
195
140
145
83
194
195
195
164
135
25
79
133
194
35
55
194
194
194
150
195
168
164
102
169
3
194
194
195
35
190
68
137
194
194
126
139
50
138
147
146
194
159
67
63
141
194
99
62
27
177
111
1
194
195
26
194
0
195
39
195
141
141
62
194
80
39
153
83
38
136
195
155
57
195
53
115
129
195
75
165
168
124
194
154
194
129
160
194
6
194
170
195
181
195
194
172
4
195
187
93
124
83
194
195
187
45
96
194
140
158
14
147
131
112
194
195
69
51
49
166
183
52
103
163
195
194
5
194
157
84
194
100
195
195
194
195
185
195
116
168
195
85
195
170
128
166
195
111
66
161
194
137
195
106
178
194
56
182
195
195
195
86
194
179
33
3
134
184
138
195
74
195
195
169
133
158
187
89
101
81
195
153
136
17
146
117
194
78
112
159
99
195
72
195
194
130
158
25
195
89
153
194
141
179
1
195
66
66
154
195
191
172
195
195
195
195
165
194
195
98
124
194
148
194
175
10
88
19
194
113
102
150
194
148
128
22
194
194
61
143
82
189
62
27
156
173
181
110
134
195
159
70
195
117
127
194
31
194
108
66
172
136
166
194
111
48
147
194
157
102
194
195
14
194
82
168
89
118
74
194
195
100
123
194
195
43
194
92
135
63
190
137
134
70
195
5
67
194
195
109
146
148
195
159
194
184
153
150
194
2
175
163
174
194
8
41
117
195
144
176
194
194
195
129
166
111
194
194
195
120
172
195
140
191
168
57
194
195
188
156
46
47
131
90
126
194
195
35
194
154
111
45
35
194
168
194
56
125
164
103
33
165
22
47
165
82
194
185
194
133
194
195
194
40
8
194
7
168
194
132
194
195
195
169
185
115
138
195
86
29
68
188
141
126
68
179
164
185
194
195
194
176
195
144
194
25
194
163
3
61
41
156
157
194
160
129
189
195
111
130
55
3
161
191
15
195
194
195
22
174
23
29
35
116
45
194
130
94
195
29
136
17
63
2
181
194
195
195
195
195
194
54
194
136
136
142
132
61
185
49
74
194
75
174
185
194
191
162
194
195
195
37
50
195
194
179
195
194
166
194
14
127
195
140
52
132
31
116
127
107
124
195
194
194
194
194
194
77
194
195
194
137
38
171
195
90
142
195
69
194
136
166
167
189
194
195
178
195
195
13
119
194
48
190
195
171
190
96
184
195
136
108
195
38
111
49
168
16
189
21
161
195
195
59
146
33
167
194
194
154
39
194
195
178
195
194
195
144
116
195
158
85
138
124
28
195
170
195
195
136
185
28
107
195
69
195
195
111
104
171
195
33
156
141
194
33
17
154
194
87
132
194
